442 269 69
308 463 36
42 72 68
98 93 32
312 302 24
471 448 41
261 238 132
221 69 145
51 204 9
198 138 15
494 110 134
357 389 52
624 455 124
200 332 70
16 85 108
321 354 13
45 348 114
526 160 33
701 243 131
701 479 83
19 526 72
69 226 76
101 302 3
629 50 38
515 230 66
425 48 29
110 211 84
237 169 153
370 158 124
293 353 0
303 266 110
351 33 59
659 192 18
347 106 94
469 189 63
491 270 74
435 547 2
374 72 156
293 227 55
43 408 22
618 184 65
463 47 61
155 471 77
43 70 18
116 331 147
329 491 11
499 496 103
211 459 153
554 317 4
655 317 32
538 502 16
514 114 54
461 359 97
89 259 58
672 115 113
330 18 97
15 407 27
425 142 16
64 326 56
460 500 125
575 424 134
683 520 75
584 76 26
21 175 142
97 390 5
712 213 146
347 477 84
41 462 68
13 183 87
588 286 20
288 101 89
342 499 109
644 103 17
269 442 43
617 482 58
698 350 2
109 225 97
689 98 93
632 45 52
528 501 114
648 489 158
288 537 4
693 111 64
640 298 119
687 461 49
527 80 87
245 19 37
688 46 124
393 457 8
71 503 152
313 260 9
561 49 59
158 388 136
651 197 68
542 206 0
645 367 22
31 490 143
417 62 106
529 562 110
55 560 108
664 320 56
536 21 74
60 539 131
701 225 83
619 426 40
81 457 57
529 291 153
168 380 38
542 266 67
699 0 132
480 528 12
704 547 145
286 80 119
421 324 112
614 232 130
60 344 55
625 118 8
368 157 25
701 258 58
38 348 132
441 522 41
312 51 142
469 484 137
161 456 9
24 218 42
133 256 48
450 97 132
642 447 122
650 134 13
92 558 81
122 182 90
292 434 133
382 145 102
689 414 78
482 2 6
53 171 117
393 46 52
329 559 93
309 76 35
174 49 151
112 440 100
439 308 29
106 131 20
121 273 108
145 58 45
19 197 116
648 363 8
490 507 82
244 404 2
278 141 41
687 27 78
596 549 57
395 356 123
447 432 44
702 549 72
148 143 101
631 395 92
485 204 107
54 475 138
566 104 3
527 14 118
720 389 22
656 333 79
271 234 116
192 310 137
543 296 13
282 98 36
374 240 148
708 51 109
349 495 130
223 464 108
524 252 56
335 63 86
528 387 0
296 447 0
473 79 98
649 179 150
446 398 129
296 59 83
384 396 91
660 196 34
194 77 104
120 410 133
207 175 118
696 393 93
46 438 61
101 285 5
646 374 157
568 173 108
93 212 81
637 111 58
300 219 12
134 570 41
293 330 106
73 307 126
26 122 130
205 121 90
292 156 17
172 22 139
350 136 39
706 369 152
297 154 68
52 268 55
279 438 147
638 256 26
538 150 101
134 275 53
556 334 88
284 182 71
637 225 49
307 470 91
475 286 61
609 97 127
649 486 113
97 334 134
308 328 53
541 379 75
631 255 89
486 117 110
669 264 89
122 114 80
418 324 46
209 240 12
400 21 71
711 346 88
464 176 32
293 80 47
641 127 34
698 196 122
378 91 85
369 515 84
232 96 90
272 208 154
365 310 123
565 453 38
450 49 136
349 101 106
120 52 100
638 347 45
333 159 149
553 501 38
71 48 65
25 484 108
372 163 85
387 463 59
697 191 135
686 405 141
486 210 80
427 235 141
510 446 77
491 165 133
223 266 131
319 340 44
502 507 31
524 435 76
652 100 131
597 81 134
278 191 61
396 383 33
699 161 77
707 48 76
195 398 25
140 308 153
349 450 69
500 547 77
195 550 126
590 390 51
634 74 155
315 38 116
162 132 80
156 236 25
684 137 127
37 322 60
702 365 98
629 217 90
347 442 63
199 371 1
665 91 38
414 130 80
277 303 11
457 458 102
481 88 133
338 328 129
54 299 147
24 165 120
491 454 121
583 547 61
521 131 36
61 502 91
574 17 71
582 173 155
428 25 97
245 384 156
361 133 37
464 129 108
569 58 96
155 463 120
469 11 15
640 55 23
120 561 36
448 333 8
222 287 35
192 184 40
509 147 36
296 462 24
383 96 13
26 75 28
221 468 54
215 423 25
576 323 53
263 355 24
231 322 41
213 200 11
290 298 33
261 243 16
341 41 13
129 152 41
410 213 22
604 216 23
62 51 71
13 130 2
482 31 16
137 27 12
446 423 43
186 516 5
26 420 18
155 430 43
364 112 36
227 308 47
489 139 58
470 285 38
98 249 53
30 71 17
383 245 77
15 157 3
342 193 12
194 314 8
263 167 70
411 23 46
527 44 52
471 303 75
234 340 46
59 176 52
541 95 3
326 165 76
393 83 40
489 454 39
410 139 69
170 32 50
274 366 62
265 286 23
471 75 2
436 368 76
552 100 43
50 507 0
101 356 15
349 144 51
89 354 62
535 8 26
73 215 19
306 62 4
563 397 1
177 129 38
304 272 9
178 123 18
243 78 22
386 323 29
386 346 19
542 78 33
280 350 15
260 387 14
326 390 19
283 137 10
47 289 42
448 159 50
177 244 52
485 64 14
127 362 32
581 389 0
529 245 62
102 355 21
134 428 29
248 138 10
576 189 31
541 60 48
338 496 22
448 275 68
355 479 31
150 329 66
554 265 31
542 360 50
8 246 22
221 385 30
262 343 24
246 27 10
609 439 16
470 300 51
180 292 24
628 422 56
450 453 21
470 386 23
20 328 2
365 275 17
3 250 3
376 116 24
145 417 9
439 285 1
161 203 62
541 21 73
186 84 68
444 429 23
563 53 63
183 409 10
542 198 1
134 473 22
180 279 32
227 320 41
302 172 30
251 225 35
83 315 62
244 109 38
212 348 55
116 373 20
607 169 13
49 226 26
521 174 7
311 108 6
588 172 44
112 416 68
410 361 40
12 322 1
448 27 62
498 215 19
417 236 80
310 83 41
198 156 87
566 14 59
236 136 38
556 244 8
260 76 17
211 181 60
408 282 16
481 22 71
86 126 39
481 224 34
375 408 24
574 194 76
254 57 41
497 164 36
457 176 17
78 25 40
496 96 81
556 248 2
485 189 55
129 159 15
219 19 57
382 105 29
29 235 1
540 264 21
29 386 73
245 463 50
160 481 46
360 13 25
222 225 69
167 79 32
597 101 19
340 233 41
194 400 4
273 315 17
635 120 31
44 79 26
407 416 21
557 210 13
32 87 0
104 447 87
200 12 57
257 290 55
60 489 60
207 465 10
385 204 30
612 127 5
123 361 40
221 28 42
150 232 38
81 466 48
141 328 33
32 429 80
428 482 1
227 285 55
154 105 36
352 378 20
583 454 66
465 32 90
131 56 16
317 106 33
400 288 30
320 150 41
498 197 20
443 393 94
180 381 55
442 252 71
471 483 26
567 452 44
450 174 39
630 224 43
464 124 38
408 368 36
390 380 12
263 458 5
494 275 12
551 174 29
20 43 16
223 508 35
346 143 36
73 311 0
230 500 9
340 78 12
344 131 51
18 417 25
214 224 29
499 123 25
42 505 9
184 379 66
588 345 10
308 37 8
148 48 25
562 185 16
308 325 6
249 242 5
103 294 85
319 10 36
325 98 28
555 207 8
426 364 1
371 262 23
593 232 34
431 332 71
254 6 79
428 138 28
460 300 40
636 194 21
533 431 97
510 183 27
569 91 45
261 94 1
254 337 12
473 414 44
130 222 20
625 45 55
543 119 71
100 96 18
94 297 75
99 95 22
6 224 5
45 361 70
36 385 38
320 181 49
572 414 13
408 20 65
483 145 5
522 114 19
368 56 13
292 182 84
15 138 0
566 350 28
31 397 9
8 106 59
431 338 49
365 35 31
155 116 61
527 449 17
544 192 9
91 279 67
321 332 35
592 78 19
389 373 70
451 281 19
470 314 61
270 448 42
468 228 42
25 30 45
154 116 55
154 334 10
291 91 5
332 253 15
46 80 31
462 233 38
423 122 51
512 392 29
269 142 25
33 222 32
302 453 11
494 48 35
2 112 35
198 65 27
340 268 59
510 236 44
343 438 31
623 336 33
47 120 3
367 20 12
460 82 19
362 341 6
468 73 10
4 226 2
457 353 32
107 267 12
460 273 22
377 115 42
422 41 74
444 410 37
249 304 51
405 30 13
277 425 38
344 91 33
187 383 1
571 309 88
333 127 73
517 134 72
414 313 49
110 308 49
342 232 17
86 44 46
430 78 30
369 13 63
168 143 19
420 125 34
46 129 10
337 85 46
171 197 29
426 64 65
245 260 7
213 222 21
104 151 25
343 37 50
442 220 19
442 206 35
181 37 10
343 251 29
43 405 6
408 191 17
10 277 91
407 233 2
483 118 19
146 151 30
56 382 50
29 22 3
177 120 24
467 168 28
214 228 47
24 399 7
397 275 69
44 200 14
300 243 48
138 2 38
101 152 58
267 96 61
369 304 30
471 312 58
236 166 37
160 228 20
481 392 67
344 61 0
118 184 7
343 69 11
359 131 31
503 167 42
171 220 67
372 182 3
125 104 19
51 183 51
50 53 90
83 405 78
336 95 49
575 123 48
83 11 7
331 304 15
286 322 41
194 319 25
360 21 80
143 326 62
290 91 65
87 233 27
158 66 64
51 234 87
99 288 20
421 303 4
369 181 39
87 384 81
49 191 83
250 296 25
245 78 3
74 25 43
543 346 57
246 188 17
158 28 17
345 83 0
384 275 37
24 263 49
507 302 27
113 278 29
495 228 36
388 312 21
284 149 93
108 242 55
454 380 28
227 190 10
429 36 6
324 215 45
252 203 13
55 0 1
210 234 14
452 94 9
497 159 35
280 407 28
273 83 42
2 321 8
215 108 81
349 253 12
471 255 33
392 310 53
92 12 37
118 165 86
202 172 37
380 7 1
321 254 69
73 102 88
293 188 20
4 393 51
364 302 9
467 95 42
102 409 63
237 49 23
157 158 29
184 398 92
43 98 35
302 68 21
331 265 5
25 11 65
61 99 11
349 231 24
35 264 38
230 201 45
236 16 45
396 207 18
465 119 22
191 236 17
238 59 28
113 229 64
130 184 45
344 347 100
454 236 60
435 119 23
355 22 27
169 263 2
109 233 27
452 15 1
557 41 15
137 107 81
488 75 35
300 247 5
1 295 23
404 142 29
459 269 11
31 80 71
490 81 40
183 38 89
53 221 31
66 188 53
507 355 7
121 50 28
140 70 14
287 361 8
326 181 28
204 7 39
34 119 8
486 143 17
141 290 28
196 62 6
261 65 3
235 181 17
263 31 1
381 335 16
113 301 5
286 373 15
218 17 63
202 72 50
176 4 6
63 95 5
387 34 46
325 139 40
526 122 51
171 366 76
46 262 1
68 51 22
410 20 90
11 237 35
369 272 13
458 239 2
104 38 36
366 81 11
74 305 72
214 32 6
25 344 10
112 292 16
384 283 54
29 308 15
211 12 25
309 38 49
115 76 49
393 134 67
305 310 2
18 132 42
176 230 28
309 136 11
503 227 2
154 104 7
131 242 55
578 253 93
160 351 67
397 65 9
416 332 32
49 189 35
429 140 4
211 303 49
32 282 41
209 278 21
20 153 46
320 219 62
389 123 37
294 191 4
360 284 33
324 182 34
175 400 26
73 46 20
206 283 65
499 272 30
412 15 5
43 40 54
179 245 17
422 278 0
269 291 41
92 292 25
383 19 43
264 205 55
178 102 60
214 102 11
468 364 34
62 284 57
46 401 33
159 125 66
281 126 65
43 107 1
197 203 2
283 118 28
378 421 10
454 45 34
336 47 17
296 179 63
485 334 8
204 219 41
179 81 27
150 8 84
388 250 17
405 3 60
250 385 46
172 202 0
21 226 8
246 121 32
109 60 79
397 210 0
61 198 37
293 56 5
412 254 27
289 373 25
177 148 24
24 353 38
283 120 73
395 292 25
393 129 28
208 123 3
175 152 6
364 289 26
112 129 7
331 356 11
399 160 11
341 91 5
107 120 16
517 178 47
68 185 2
382 259 22
137 56 9
420 73 30
133 75 52
33 136 13
364 140 45
371 68 35
438 68 23
217 196 7
458 190 17
