29 20 24
23 22 20
20 17 28
23 28 25
18 20 25
24 27 25
20 23 15
30 20 27
21 16 16
30 17 29
17 19 23
24 18 22
28 16 27
24 24 28
29 29 27
25 18 26
26 15 21
20 22 29
28 27 26
21 26 29
21 29 25
21 23 22
21 30 25
15 27 26
15 26 29
22 30 22
16 15 26
25 25 19
19 23 20
29 21 18
27 21 20
20 23 17
25 24 24
17 23 22
24 15 22
26 22 15
28 30 25
29 15 21
29 27 30
26 18 15
24 17 24
19 21 16
16 18 25
17 25 25
29 24 27
21 24 26
28 18 27
20 15 25
16 26 15
25 24 15
16 16 28
22 29 26
17 29 24
22 28 18
17 21 26
27 23 17
29 22 22
19 23 24
28 16 23
30 29 30
18 18 23
16 22 21
25 21 28
28 16 15
22 22 30
18 17 18
26 17 26
22 29 23
25 28 29
21 20 27
19 22 19
27 20 25
19 15 30
25 15 20
23 28 16
16 17 21
19 15 20
30 18 20
15 18 27
18 23 27
17 19 19
19 21 28
28 15 25
22 27 23
28 23 23
15 20 28
23 15 24
21 21 20
17 20 25
23 30 15
24 29 17
16 24 16
24 23 30
25 30 24
30 25 29
21 17 23
19 22 23
16 23 25
23 30 30
18 28 25
15 27 21
19 30 30
28 17 24
20 22 24
25 25 15
26 26 16
30 20 24
15 15 30
24 15 29
18 18 30
22 19 17
21 27 19
28 22 21
26 28 27
28 28 18
24 30 19
20 17 24
15 20 29
19 29 20
28 28 22
28 30 23
29 17 16
28 19 24
16 25 29
22 22 25
18 25 28
22 21 21
30 17 17
30 22 27
24 29 25
30 28 18
21 30 19
24 29 30
20 15 30
20 22 16
30 26 23
25 21 17
19 26 16
16 22 29
15 30 18
26 22 18
28 19 30
22 26 21
19 25 17
27 15 16
15 25 30
27 16 18
16 27 28
27 27 28
20 19 26
18 23 29
27 28 19
17 20 29
24 29 29
20 28 30
21 17 19
29 25 20
23 25 17
20 21 17
30 23 20
22 19 22
15 23 15
22 22 17
26 21 17
20 22 17
21 19 26
30 20 25
26 28 30
16 27 15
26 17 23
21 24 18
18 29 17
23 15 25
16 15 24
28 26 26
26 22 19
19 20 18
15 27 23
19 23 20
27 19 16
26 21 20
19 19 29
24 20 24
29 17 30
17 30 18
24 19 21
26 27 23
17 23 21
25 24 30
18 23 19
25 25 24
19 17 17
27 30 27
19 20 17
26 28 27
19 27 17
30 26 30
22 24 19
26 19 20
28 30 30
27 26 26
16 29 29
27 30 19
18 25 28
17 28 27
17 28 18
21 23 26
30 22 20
24 18 24
16 27 28
30 22 22
26 30 22
28 25 23
26 22 23
22 15 17
15 26 27
15 29 16
28 28 15
25 28 30
23 21 29
27 29 20
15 25 27
25 29 20
18 30 25
17 18 20
23 19 19
21 22 30
18 19 25
29 22 18
17 26 21
21 17 15
23 30 24
26 24 25
25 24 19
26 20 29
20 16 20
20 25 17
19 27 24
24 18 24
16 22 24
23 28 15
21 16 23
29 29 15
29 28 29
18 26 18
30 26 30
25 23 17
27 26 16
24 21 17
19 22 28
21 28 25
20 21 26
21 27 23
23 16 27
27 27 30
18 26 16
22 24 24
29 18 21
29 28 20
15 21 22
18 20 15
30 24 18
30 24 24
18 28 19
25 28 20
27 30 24
15 28 17
20 22 16
17 16 18
24 18 18
15 19 30
29 24 20
16 30 23
17 30 18
29 26 17
20 29 19
26 17 30
15 29 16
29 19 16
23 29 28
22 24 28
22 18 18
26 17 17
17 26 29
23 18 26
29 16 22
20 22 29
29 16 29
28 18 21
17 17 15
26 19 24
20 24 21
28 26 24
20 25 18
21 25 20
23 27 24
16 30 28
23 21 26
28 20 29
26 22 30
97 80 82
87 90 115
131 99 137
94 121 116
133 76 145
124 123 148
127 75 107
138 84 108
135 82 147
135 93 98
99 129 148
129 145 139
123 148 145
128 150 131
134 126 150
117 146 135
97 142 93
100 93 78
113 146 143
121 120 87
109 134 104
107 89 141
127 92 140
123 114 132
89 77 136
115 109 124
97 139 132
78 104 101
93 135 105
113 78 118
149 104 105
143 80 94
145 128 125
144 92 103
97 84 116
93 145 150
142 85 117
119 90 109
118 127 76
101 107 108
129 103 105
85 97 95
146 114 101
104 91 123
103 81 104
114 98 77
92 105 119
106 118 79
147 102 97
127 91 99
76 147 109
76 136 104
147 98 97
102 114 79
141 75 139
130 86 136
101 126 127
99 78 90
128 101 140
102 76 142
117 131 92
108 81 149
113 90 137
89 126 150
140 118 77
122 137 79
93 112 124
91 142 119
129 85 143
112 83 110
138 96 113
87 130 127
85 114 115
129 89 118
137 76 126
111 96 119
98 135 93
94 126 124
113 130 141
142 96 85
117 105 128
81 135 149
102 95 111
134 89 119
103 132 81
140 75 92
132 138 76
89 109 127
103 113 114
145 125 116
137 133 126
90 80 145
83 148 145
84 103 133
134 98 109
86 111 78
137 91 86
129 108 133
90 99 111
91 125 137
129 81 134
146 104 96
132 82 113
81 128 143
82 100 118
149 119 122
121 105 91
124 79 85
105 144 105
99 81 109
78 113 100
138 96 99
111 146 75
129 102 144
137 120 125
112 100 125
100 75 139
96 125 139
114 101 138
112 89 105
134 140 104
106 94 103
79 89 112
102 105 108
140 105 150
108 95 147
125 131 141
137 127 136
119 108 111
134 131 134
75 142 113
109 150 83
80 110 135
81 126 97
76 134 133
140 106 79
114 100 94
94 131 140
127 78 105
89 109 145
134 112 81
102 142 113
142 137 76
113 116 127
108 135 116
143 108 129
121 113 89
86 121 132
96 134 82
134 102 134
95 116 115
118 140 90
142 131 87
94 122 121
142 150 82
117 83 81
150 95 107
137 142 150
104 128 96
116 114 96
96 98 101
145 82 132
125 82 149
109 143 95
122 127 84
100 78 136
137 137 133
139 87 129
77 129 82
84 78 118
142 129 98
88 111 99
120 90 102
101 110 100
96 120 89
149 148 116
83 98 100
80 91 117
149 114 105
99 88 122
122 122 146
106 95 127
99 142 86
119 102 89
88 84 100
88 126 104
140 146 99
135 92 145
130 137 83
135 140 99
82 128 139
106 112 89
89 131 87
139 149 127
131 82 82
105 139 142
101 127 125
136 117 122
147 92 77
91 84 96
147 110 86
87 114 135
130 115 132
84 79 90
95 135 137
91 122 94
133 148 125
118 119 125
85 123 125
138 119 145
118 135 138
98 107 81
82 75 132
77 136 77
137 130 131
136 87 146
94 142 104
93 123 100
95 117 106
107 110 121
91 110 140
127 85 117
96 113 114
113 90 131
108 145 93
96 142 150
127 128 137
144 121 110
118 103 96
105 121 95
109 126 84
135 113 106
141 133 124
106 84 148
106 76 148
111 122 91
129 82 106
123 76 86
104 77 142
108 144 111
88 132 148
78 144 79
106 80 109
86 138 121
130 150 130
142 137 140
80 118 120
136 104 99
81 125 125
117 124 104
115 116 89
78 149 98
75 85 91
147 139 148
109 98 107
108 141 140
140 111 111
121 135 120
86 139 111
104 84 133
121 75 149
148 113 85
111 143 75
89 94 130
128 104 132
85 144 110
146 144 101
116 77 128
143 91 143
136 75 116
86 138 129
102 112 134
123 102 84
104 122 117
142 88 146
97 111 76
121 76 148
144 103 100
120 115 94
110 84 85
115 138 111
132 102 105
92 116 75
121 148 107
133 102 136
97 95 104
144 150 94
114 121 111
86 110 115
141 95 84
88 141 94
92 118 97
136 97 108
117 142 140
141 120 97
143 136 100
78 86 97
145 80 147
85 126 108
96 78 137
290 247 128
200 206 79
161 208 102
162 276 131
252 221 117
158 241 134
197 275 143
176 254 85
271 281 107
242 265 86
150 189 83
293 213 98
297 190 92
274 150 107
250 275 137
251 185 130
153 179 91
263 160 104
167 290 80
159 176 130
258 281 86
285 287 93
152 259 75
297 259 82
152 158 92
269 193 141
165 291 81
249 164 126
245 222 125
270 225 114
228 186 79
193 232 92
299 175 110
165 176 77
159 268 88
270 241 81
210 264 88
230 280 146
158 285 129
282 175 77
279 222 97
168 173 80
240 280 95
176 210 125
161 270 149
229 168 122
185 209 81
225 179 102
253 196 102
274 183 94
236 179 118
252 268 105
180 241 147
296 292 128
193 230 133
300 159 104
157 258 105
291 232 114
174 256 119
299 268 142
246 239 138
211 186 95
288 242 108
269 290 117
150 278 150
207 220 79
183 284 122
274 206 81
187 173 104
190 161 96
252 151 109
273 188 81
283 182 78
293 299 93
150 217 117
241 188 128
241 205 149
208 216 109
163 246 145
276 224 91
254 175 104
206 174 76
261 231 96
295 218 115
273 272 78
267 224 145
181 280 121
183 293 110
206 179 92
171 255 91
218 162 115
184 179 145
262 271 118
181 245 111
182 234 92
269 152 114
269 276 85
236 254 137
288 292 108
194 218 83
269 281 121
203 197 139
300 223 143
161 216 76
250 288 120
206 214 138
297 281 134
252 292 81
209 225 127
291 206 109
211 254 131
208 224 107
237 162 82
167 292 96
213 159 76
298 209 83
225 257 139
284 279 88
250 272 103
254 191 137
252 196 77
288 272 91
169 250 91
276 289 118
265 251 98
267 254 96
226 254 77
200 165 103
265 175 110
289 160 131
183 251 100
185 189 86
176 269 142
155 232 82
282 195 81
178 236 134
206 276 128
269 247 79
286 212 103
279 152 97
192 273 147
198 271 122
165 220 85
280 267 104
216 222 148
222 177 122
210 252 137
299 214 141
293 202 101
283 195 108
259 235 80
254 185 114
159 193 127
268 228 139
282 214 140
222 200 140
264 228 129
172 195 134
194 189 98
160 185 145
241 160 114
264 163 120
268 204 122
218 235 145
287 281 91
201 223 91
247 296 85
194 189 106
175 162 100
187 226 148
171 294 148
214 237 130
153 197 89
207 257 128
173 232 122
189 252 142
177 170 131
251 265 134
177 269 96
185 177 143
240 220 144
261 206 141
176 251 125
189 215 106
295 214 141
243 159 108
291 292 77
151 292 76
194 245 137
238 168 88
278 175 136
185 205 113
251 188 99
201 189 142
214 186 136
211 282 80
176 274 132
212 264 114
253 157 141
245 196 133
177 260 92
290 245 108
254 188 99
240 232 142
272 258 122
192 226 124
237 292 111
171 249 132
228 291 102
293 255 128
196 245 107
171 231 76
201 260 137
202 181 94
191 219 117
194 265 91
229 161 144
156 297 86
150 276 78
155 209 102
177 266 126
293 265 133
247 295 84
255 289 98
259 156 86
150 277 100
233 251 141
242 231 124
226 153 81
273 288 143
247 191 96
229 273 138
216 274 103
233 191 127
294 214 108
212 160 113
188 227 124
228 252 85
258 242 114
192 159 88
291 192 117
225 273 109
288 257 135
216 199 122
177 238 113
156 213 107
265 164 85
268 184 77
243 293 103
180 168 141
287 247 105
150 160 109
183 186 107
288 195 141
243 157 79
238 153 148
161 212 130
298 298 99
216 289 110
205 197 128
294 242 134
251 250 128
256 300 84
236 215 93
256 244 93
285 200 84
264 187 146
262 161 130
179 238 130
242 160 86
192 249 91
157 297 114
198 150 85
194 203 147
275 179 119
269 278 139
282 201 132
286 278 104
196 293 100
174 177 80
259 237 125
292 266 131
248 202 148
250 162 101
285 197 150
242 173 149
262 243 113
159 281 91
173 169 126
216 194 150
252 260 110
215 219 82
220 176 142
252 287 109
203 258 123
258 188 114
198 201 76
208 269 144
258 166 142
251 196 106
