465 32 90
439 308 29
186 84 68
351 33 59
527 449 17
2 112 35
412 254 27
450 453 21
439 285 1
37 322 60
245 78 3
575 424 134
213 200 11
407 233 2
442 252 71
393 83 40
471 75 2
483 118 19
287 361 8
283 118 28
16 85 108
488 75 35
74 25 43
263 31 1
562 185 16
701 225 83
54 475 138
92 12 37
540 264 21
543 119 71
687 27 78
431 338 49
215 108 81
3 250 3
267 96 61
172 202 0
177 129 38
554 265 31
294 191 4
485 189 55
331 304 15
232 96 90
417 62 106
583 454 66
110 308 49
625 45 55
638 256 26
330 18 97
712 213 146
302 68 21
442 220 19
205 121 90
215 423 25
464 129 108
495 228 36
414 130 80
689 98 93
420 73 30
448 275 68
510 236 44
450 174 39
396 383 33
120 561 36
326 181 28
106 131 20
369 13 63
588 345 10
331 356 11
34 119 8
200 12 57
92 292 25
86 44 46
51 204 9
140 70 14
102 355 21
6 224 5
150 8 84
145 58 45
19 197 116
231 322 41
542 360 50
43 98 35
510 183 27
469 189 63
68 51 22
221 28 42
458 190 17
408 368 36
237 169 153
13 130 2
303 266 110
251 225 35
556 248 2
264 205 55
109 60 79
176 4 6
500 547 77
87 233 27
237 49 23
489 454 39
320 150 41
604 216 23
510 446 77
438 68 23
211 303 49
473 414 44
382 105 29
293 330 106
428 138 28
343 37 50
536 21 74
195 398 25
470 314 61
349 144 51
341 91 5
49 191 83
452 94 9
46 129 10
140 308 153
706 369 152
405 3 60
499 123 25
308 325 6
29 22 3
277 303 11
254 57 41
408 191 17
333 159 149
143 326 62
308 328 53
471 448 41
227 190 10
346 143 36
397 275 69
97 334 134
428 482 1
68 185 2
386 323 29
154 105 36
481 392 67
490 81 40
46 262 1
421 324 112
187 383 1
374 72 156
384 283 54
349 101 106
618 184 65
652 100 131
250 385 46
590 390 51
371 68 35
408 282 16
254 337 12
486 210 80
317 106 33
436 368 76
300 243 48
87 384 81
248 138 10
581 389 0
584 76 26
528 501 114
405 30 13
207 465 10
18 132 42
54 299 147
319 340 44
236 16 45
156 236 25
223 266 131
180 292 24
473 79 98
214 224 29
527 80 87
541 21 73
698 350 2
196 62 6
52 268 55
194 77 104
296 462 24
360 284 33
553 501 38
308 463 36
260 76 17
263 355 24
497 159 35
214 102 11
44 200 14
503 167 42
400 288 30
112 440 100
309 38 49
634 74 155
8 246 22
498 215 19
103 294 85
421 303 4
502 507 31
498 197 20
656 333 79
512 392 29
129 152 41
180 279 32
369 515 84
393 129 28
245 463 50
26 75 28
320 219 62
672 115 113
329 491 11
59 176 52
335 63 86
380 7 1
454 236 60
283 137 10
209 278 21
344 61 0
43 408 22
361 133 37
62 51 71
701 243 131
521 174 7
631 395 92
209 240 12
464 124 38
307 470 91
101 152 58
538 502 16
575 123 48
179 81 27
702 549 72
138 2 38
469 484 137
396 207 18
374 240 148
410 213 22
471 483 26
62 284 57
491 454 121
494 110 134
81 457 57
13 183 87
131 242 55
98 249 53
273 83 42
263 167 70
24 263 49
183 409 10
24 399 7
331 265 5
42 72 68
137 56 9
324 182 34
133 75 52
304 272 9
364 302 9
269 291 41
389 123 37
609 439 16
19 526 72
176 230 28
25 30 45
572 414 13
342 499 109
655 317 32
211 181 60
383 245 77
684 137 127
625 118 8
109 225 97
554 317 4
343 69 11
349 450 69
293 188 20
337 85 46
157 158 29
97 390 5
349 253 12
461 359 97
386 346 19
24 218 42
46 80 31
411 23 46
701 258 58
624 455 124
485 204 107
642 447 122
86 126 39
450 49 136
360 13 25
71 48 65
178 123 18
640 55 23
204 219 41
404 142 29
542 198 1
180 381 55
284 149 93
457 353 32
526 160 33
130 184 45
365 275 17
397 65 9
535 8 26
25 484 108
319 10 36
223 464 108
646 374 157
115 76 49
496 96 81
222 287 35
107 120 16
597 101 19
632 45 52
407 416 21
172 22 139
246 188 17
49 189 35
555 207 8
104 38 36
69 226 76
296 179 63
177 120 24
491 165 133
372 163 85
340 78 12
491 270 74
288 537 4
566 104 3
355 22 27
235 181 17
468 73 10
699 0 132
265 286 23
29 235 1
158 388 136
150 232 38
112 416 68
385 204 30
42 505 9
399 160 11
475 286 61
123 361 40
543 296 13
638 347 45
568 173 108
141 328 33
217 196 7
326 165 76
194 319 25
529 245 62
154 334 10
238 59 28
148 143 101
227 320 41
91 279 67
290 91 65
194 400 4
347 477 84
499 272 30
116 373 20
257 290 55
315 38 116
720 389 22
184 379 66
244 109 38
377 115 42
49 226 26
420 125 34
664 320 56
2 321 8
368 56 13
378 91 85
15 157 3
566 350 28
245 260 7
414 313 49
541 60 48
32 282 41
122 114 80
160 351 67
576 323 53
108 242 55
11 237 35
321 354 13
697 191 135
503 227 2
261 238 132
340 233 41
125 104 19
131 56 16
619 426 40
509 147 36
471 312 58
284 182 71
192 184 40
514 114 54
313 260 9
50 507 0
155 116 61
101 302 3
448 159 50
60 489 60
486 117 110
359 131 31
566 14 59
310 83 41
104 447 87
538 150 101
593 232 34
637 111 58
563 397 1
343 438 31
177 244 52
46 438 61
376 116 24
73 307 126
20 328 2
102 409 63
388 312 21
382 145 102
365 310 123
528 387 0
296 59 83
290 298 33
341 41 13
325 98 28
246 121 32
99 288 20
134 275 53
15 138 0
55 0 1
31 490 143
426 364 1
121 50 28
81 466 48
617 482 58
71 503 152
293 227 55
384 396 91
349 231 24
442 269 69
499 496 103
524 252 56
221 385 30
74 305 72
308 37 8
344 91 33
168 380 38
360 21 80
689 414 78
544 192 9
400 21 71
154 104 7
364 112 36
365 35 31
60 539 131
309 136 11
542 266 67
649 486 113
507 355 7
362 341 6
168 143 19
686 405 141
397 210 0
486 143 17
133 256 48
53 171 117
4 226 2
467 168 28
408 20 65
171 220 67
198 156 87
243 78 22
467 95 42
711 346 88
110 211 84
18 417 25
270 448 42
302 172 30
20 43 16
442 206 35
393 134 67
1 295 23
98 93 32
482 2 6
26 420 18
101 356 15
63 95 5
101 285 5
387 34 46
569 58 96
435 119 23
20 153 46
338 496 22
291 91 5
210 234 14
364 289 26
211 12 25
588 172 44
464 176 32
25 11 65
470 285 38
280 350 15
277 425 38
30 71 17
527 44 52
83 315 62
158 28 17
517 134 72
191 236 17
197 203 2
129 159 15
21 175 142
306 62 4
120 52 100
286 80 119
451 281 19
450 97 132
699 161 77
51 183 51
343 251 29
329 559 93
221 69 145
567 452 44
113 229 64
426 64 65
31 80 71
161 203 62
382 259 22
552 100 43
447 432 44
541 95 3
458 239 2
8 106 59
230 201 45
15 407 27
470 386 23
32 87 0
273 315 17
462 233 38
460 82 19
630 224 43
177 148 24
423 122 51
448 333 8
422 278 0
321 254 69
271 234 116
194 314 8
460 500 125
66 188 53
412 15 5
352 378 20
324 215 45
457 176 17
213 222 21
236 136 38
214 228 47
366 81 11
669 264 89
202 72 50
338 328 129
170 32 50
158 66 64
312 302 24
73 102 88
222 225 69
43 107 1
494 48 35
325 139 40
344 131 51
321 332 35
25 344 10
371 262 23
305 310 2
199 371 1
24 165 120
44 79 26
311 108 6
481 88 133
441 522 41
175 152 6
200 332 70
33 222 32
219 19 57
332 253 15
454 45 34
527 14 118
283 120 73
422 41 74
146 151 30
83 405 78
26 122 130
300 219 12
431 332 71
192 310 137
529 291 153
45 348 114
389 373 70
10 277 91
636 194 21
489 139 58
612 127 5
443 393 94
113 301 5
145 417 9
50 53 90
651 197 68
417 236 80
640 298 119
137 107 81
113 278 29
134 473 22
395 292 25
336 47 17
369 304 30
578 253 93
137 27 12
320 181 49
89 354 62
588 286 20
73 311 0
494 275 12
471 303 75
418 324 46
175 400 26
648 363 8
574 17 71
293 353 0
614 232 130
263 458 5
4 393 51
293 56 5
649 179 150
708 51 109
410 139 69
485 64 14
369 181 39
286 373 15
183 38 89
543 346 57
93 212 81
393 46 52
574 194 76
485 334 8
524 435 76
171 366 76
582 173 155
383 19 43
300 247 5
272 208 154
56 382 50
347 106 94
393 457 8
116 331 147
234 340 46
683 520 75
378 421 10
350 136 39
410 361 40
410 20 90
246 27 10
469 11 15
269 442 43
262 343 24
130 222 20
468 228 42
533 431 97
53 221 31
344 347 100
73 46 20
118 184 7
631 255 89
460 300 40
465 119 22
430 78 30
372 182 3
35 264 38
212 348 55
309 76 35
609 97 127
571 309 88
557 41 15
517 178 47
416 332 32
429 140 4
565 453 38
41 462 68
515 230 66
134 428 29
541 379 75
92 558 81
274 366 62
704 547 145
282 98 36
556 334 88
556 244 8
99 95 22
629 217 90
33 136 13
302 453 11
392 310 53
118 165 86
148 48 25
521 131 36
635 120 31
155 430 43
312 51 142
390 380 12
698 196 122
336 95 49
340 268 59
375 408 24
368 157 25
167 79 32
425 48 29
480 528 12
278 141 41
395 356 123
249 242 5
345 83 0
342 232 17
160 481 46
623 336 33
174 49 151
707 48 76
446 423 43
29 308 15
427 235 141
78 25 40
444 429 23
460 273 22
701 479 83
227 308 47
155 463 120
162 132 80
293 80 47
542 206 0
230 500 9
181 37 10
457 458 102
583 547 61
269 142 25
364 140 45
481 224 34
696 393 93
326 390 19
218 17 63
24 353 38
347 442 63
43 40 54
120 410 133
659 192 18
648 489 158
221 468 54
357 389 52
43 70 18
245 19 37
435 547 2
208 123 3
64 326 56
463 47 61
563 53 63
292 182 84
637 225 49
244 404 2
61 99 11
198 65 27
161 456 9
184 398 92
592 78 19
529 562 110
127 362 32
122 182 90
507 302 27
629 50 38
381 335 16
36 385 38
260 387 14
223 508 35
576 189 31
297 154 68
542 78 33
45 361 70
444 410 37
355 479 31
245 384 156
250 296 25
597 81 134
107 267 12
292 156 17
645 367 22
388 250 17
61 198 37
349 495 130
154 116 55
383 96 13
522 114 19
47 289 42
471 255 33
526 122 51
641 127 34
160 228 20
121 273 108
660 196 34
292 434 133
281 126 65
211 459 153
204 7 39
186 516 5
279 438 147
687 461 49
104 151 25
31 397 9
249 304 51
628 422 56
561 49 59
693 111 64
12 322 1
261 65 3
38 348 132
428 25 97
425 142 16
482 31 16
278 191 61
289 373 25
481 22 71
155 471 77
333 127 73
150 329 66
342 193 12
702 365 98
452 15 1
227 285 55
100 96 18
89 259 58
179 245 17
650 134 13
214 32 6
370 158 124
207 175 118
29 386 73
551 174 29
83 11 7
596 549 57
387 463 59
280 407 28
569 91 45
261 94 1
43 405 6
384 275 37
195 550 126
61 502 91
607 169 13
490 507 82
236 166 37
369 272 13
21 226 8
446 398 129
55 560 108
159 125 66
497 164 36
448 27 62
468 364 34
252 203 13
109 233 27
60 344 55
141 290 28
644 103 17
178 102 60
254 6 79
286 322 41
46 401 33
112 129 7
296 447 0
688 46 124
94 297 75
32 429 80
454 380 28
261 243 16
470 300 51
367 20 12
557 210 13
288 101 89
47 120 3
112 292 16
169 263 2
665 91 38
202 172 37
198 138 15
73 215 19
429 36 6
459 269 11
206 283 65
134 570 41
171 197 29
483 145 5
51 234 87
