89 131 87
28 19 30
99 81 109
20 23 17
86 138 129
117 142 140
194 203 147
91 125 137
121 105 91
16 30 23
184 179 145
18 18 23
123 148 145
240 280 95
147 110 86
114 98 77
76 136 104
176 210 125
153 197 89
243 157 79
29 29 27
160 185 145
262 271 118
261 206 141
127 128 137
20 22 24
20 21 17
288 272 91
104 128 96
117 124 104
18 23 29
116 77 128
284 279 88
81 128 143
157 258 105
264 187 146
113 90 137
145 125 116
247 191 96
94 122 121
241 205 149
23 30 24
16 23 25
106 112 89
258 281 86
81 125 125
17 28 27
27 23 17
18 17 18
206 276 128
270 241 81
30 26 30
135 82 147
21 25 20
203 197 139
29 19 16
30 18 20
220 176 142
132 138 76
78 86 97
84 79 90
29 28 20
26 22 30
207 257 128
22 26 21
152 158 92
113 90 131
285 197 150
189 252 142
149 148 116
288 257 135
152 259 75
21 16 16
214 237 130
117 105 128
147 139 148
256 300 84
27 15 16
15 25 30
129 145 139
137 133 126
178 236 134
106 80 109
24 15 22
214 186 136
99 142 86
251 196 106
133 148 125
25 25 19
109 134 104
27 21 20
114 101 138
142 131 87
177 238 113
242 160 86
151 292 76
25 28 20
261 231 96
176 269 142
92 105 119
101 127 125
113 146 143
19 22 28
208 269 144
259 156 86
80 118 120
150 95 107
19 20 17
104 77 142
159 268 88
19 30 30
30 24 18
144 103 100
101 126 127
262 243 113
171 255 91
237 162 82
249 164 126
30 24 24
27 26 26
256 244 93
91 110 140
144 121 110
185 209 81
23 29 28
86 121 132
279 222 97
16 22 24
254 175 104
15 26 27
24 27 25
297 281 134
77 136 77
252 268 105
22 15 17
135 92 145
216 194 150
93 112 124
135 140 99
211 186 95
201 223 91
201 189 142
26 28 27
251 185 130
29 15 21
192 226 124
20 25 17
24 17 24
18 26 16
285 200 84
15 28 17
198 201 76
102 142 113
142 137 140
27 26 16
131 82 82
147 98 97
296 292 128
206 179 92
102 95 111
113 130 141
25 21 28
18 23 27
297 190 92
149 114 105
201 260 137
17 26 29
21 27 23
280 267 104
15 19 30
20 21 26
129 108 133
26 22 19
107 110 121
15 20 28
105 144 105
16 17 21
177 269 96
27 30 19
19 19 29
133 76 145
229 273 138
23 28 15
23 22 20
89 109 145
99 129 148
167 292 96
265 164 85
180 241 147
183 284 122
105 139 142
26 22 18
228 291 102
20 22 16
90 80 145
80 110 135
105 121 95
181 280 121
23 16 27
136 117 122
22 22 17
86 110 115
97 142 93
112 100 125
21 17 15
174 177 80
96 98 101
127 75 107
226 153 81
17 21 26
21 24 26
146 114 101
23 15 25
265 251 98
254 185 114
85 114 115
233 251 141
288 242 108
26 18 15
20 25 18
121 120 87
28 27 26
108 95 147
29 25 20
25 29 20
91 122 94
30 22 22
300 159 104
16 16 28
150 217 117
251 250 128
20 28 30
193 230 133
28 19 24
216 222 148
26 28 30
100 93 78
87 114 135
243 293 103
29 16 22
17 19 23
26 26 16
25 28 29
156 297 86
143 80 94
298 209 83
119 90 109
288 292 108
111 146 75
236 179 118
269 247 79
20 17 28
215 219 82
216 274 103
252 287 109
89 126 150
289 160 131
225 273 109
273 288 143
86 111 78
21 29 25
202 181 94
115 138 111
121 135 120
27 20 25
25 24 15
134 112 81
144 92 103
29 24 20
20 17 24
19 15 20
16 26 15
150 278 150
18 28 19
200 165 103
245 222 125
155 232 82
22 22 30
250 272 103
17 29 24
91 142 119
22 22 25
97 95 104
118 127 76
19 29 20
28 16 27
23 25 17
30 17 17
113 116 127
20 16 20
125 82 149
21 16 23
140 118 77
28 20 29
294 242 134
268 204 122
129 102 144
91 84 96
161 216 76
158 241 134
20 22 29
283 195 108
132 82 113
177 266 126
128 101 140
29 29 15
109 126 84
21 24 18
17 23 21
293 255 128
118 140 90
87 90 115
159 281 91
100 78 136
15 18 27
88 111 99
26 19 20
182 234 92
247 295 84
141 133 124
245 196 133
21 23 22
216 289 110
225 179 102
21 28 25
29 28 29
94 142 104
26 22 15
19 21 28
30 23 20
268 228 139
240 220 144
162 276 131
18 18 30
76 147 109
137 142 150
24 23 30
119 102 89
119 108 111
99 88 122
127 85 117
242 173 149
26 30 22
106 95 127
21 19 26
24 18 24
25 24 30
88 126 104
258 166 142
103 81 104
163 246 145
142 96 85
92 116 75
299 214 141
21 17 19
100 75 139
123 102 84
206 174 76
139 87 129
26 17 26
188 227 124
79 89 112
83 98 100
17 16 18
15 23 15
96 113 114
134 140 104
271 281 107
140 105 150
165 291 81
15 27 21
225 257 139
148 113 85
17 26 21
97 84 116
128 104 132
193 232 92
159 176 130
103 132 81
150 277 100
27 29 20
155 209 102
135 93 98
250 288 120
176 274 132
25 18 26
30 26 30
194 265 91
20 23 15
137 137 133
190 161 96
139 149 127
25 25 15
94 121 116
174 256 119
24 18 24
131 99 137
22 29 26
24 29 17
141 75 139
136 75 116
21 30 25
137 76 126
80 91 117
25 28 30
207 220 79
114 100 94
76 134 133
96 120 89
17 28 18
111 122 91
25 25 24
108 81 149
145 80 147
111 96 119
24 19 21
82 100 118
26 28 27
146 104 96
185 189 86
300 223 143
24 29 30
25 24 19
16 15 24
19 23 20
128 150 131
117 146 135
135 113 106
179 238 130
267 224 145
21 23 26
89 94 130
211 254 131
19 22 23
106 84 148
171 294 148
88 84 100
23 28 16
23 30 15
29 27 30
27 19 16
192 273 147
29 20 24
28 18 27
18 29 17
83 148 145
290 245 108
108 145 93
250 275 137
15 15 30
276 224 91
20 15 30
102 112 134
18 30 25
229 161 144
78 104 101
143 91 143
28 17 24
191 219 117
24 15 29
26 22 23
187 226 148
161 208 102
269 193 141
25 23 17
192 249 91
177 170 131
18 25 28
30 26 23
252 221 117
253 196 102
86 139 111
274 206 81
140 106 79
122 137 79
183 251 100
17 18 20
16 15 26
95 117 106
120 115 94
96 125 139
98 107 81
210 264 88
196 245 107
264 163 120
23 28 25
20 22 16
115 109 124
130 86 136
194 245 137
26 27 23
238 168 88
23 27 24
159 193 127
242 231 124
140 75 92
121 148 107
208 224 107
248 202 148
171 249 132
137 127 136
23 19 19
286 212 103
149 104 105
112 83 110
274 150 107
145 128 125
101 107 108
112 89 105
269 152 114
167 290 80
210 252 137
288 195 141
142 150 82
28 16 15
117 131 92
19 27 24
28 22 21
121 76 148
22 21 21
15 21 22
252 151 109
158 285 129
19 26 16
30 20 27
130 115 132
293 202 101
228 186 79
287 281 91
124 79 85
252 260 110
102 114 79
24 29 29
104 91 123
253 157 141
146 144 101
165 220 85
29 22 22
129 81 134
101 110 100
77 129 82
144 150 94
200 206 79
95 135 137
269 278 139
114 121 111
97 80 82
291 192 117
267 254 96
26 21 17
142 85 117
30 29 30
175 162 100
228 252 85
82 128 139
209 225 127
134 102 134
299 175 110
94 131 140
274 183 94
177 260 92
23 21 29
291 292 77
26 17 17
147 102 97
295 218 115
18 20 25
226 254 77
109 143 95
183 186 107
136 97 108
278 175 136
93 123 100
104 122 117
240 232 142
106 76 148
171 231 76
26 17 30
23 18 26
142 129 98
125 131 141
22 18 18
28 30 23
292 266 131
24 24 28
88 141 94
117 83 81
133 102 136
161 212 130
22 19 22
286 278 104
242 265 86
161 270 149
283 182 78
19 27 17
19 17 17
129 82 106
20 22 17
30 20 24
26 15 21
97 111 76
168 173 80
88 132 148
113 78 118
122 122 146
147 92 77
189 215 106
149 119 122
273 188 81
25 30 24
81 126 97
22 27 23
194 189 98
269 281 121
137 120 125
196 293 100
298 298 99
291 232 114
150 276 78
127 92 140
140 111 111
99 78 90
21 20 27
137 130 131
138 119 145
129 103 105
15 25 27
233 191 127
27 16 18
17 17 15
29 21 18
28 28 18
85 123 125
265 175 110
198 150 85
19 20 18
16 27 15
106 118 79
98 135 93
183 293 110
295 214 141
247 296 85
181 245 111
18 23 19
25 21 17
121 113 89
205 197 128
27 27 30
251 188 99
26 19 24
216 199 122
241 160 114
26 24 25
229 168 122
17 23 22
17 20 25
29 24 27
85 97 95
16 22 21
238 153 148
28 30 30
134 131 134
211 282 80
134 98 109
23 21 26
25 15 20
84 103 133
136 104 99
110 84 85
78 144 79
194 189 106
259 235 80
294 214 108
269 290 117
28 28 15
108 144 111
222 177 122
297 259 82
187 173 104
198 271 122
106 94 103
16 22 29
28 25 23
153 179 91
172 195 134
173 169 126
293 265 133
255 289 98
26 20 29
22 29 23
15 26 29
81 135 149
15 29 16
24 29 25
127 91 99
21 27 19
30 20 25
30 22 20
127 78 105
75 85 91
29 26 17
203 258 123
92 118 97
252 196 77
169 250 91
96 142 150
29 16 29
84 78 118
97 139 132
29 17 16
118 119 125
29 22 18
293 299 93
143 136 100
143 108 129
15 20 29
122 127 84
22 30 22
22 19 17
20 19 26
17 20 29
118 103 96
269 276 85
285 287 93
145 82 132
85 126 108
15 30 18
18 20 15
123 114 132
237 292 111
24 21 17
95 116 115
78 113 100
176 254 85
21 26 29
93 135 105
16 30 28
24 18 18
21 22 30
30 25 29
136 87 146
230 280 146
22 24 28
20 22 29
141 95 84
258 188 114
108 135 116
17 30 18
87 130 127
243 159 108
282 201 132
20 29 19
258 242 114
24 20 24
25 24 24
17 19 19
138 84 108
24 18 22
17 25 25
23 15 24
28 30 25
259 237 125
28 16 23
19 21 16
138 96 99
111 143 75
16 27 28
27 27 28
279 152 97
141 120 97
16 25 29
282 195 81
142 88 146
23 30 30
94 126 124
30 28 18
194 218 83
15 27 26
176 251 125
108 141 140
138 96 113
82 75 132
134 89 119
16 29 29
129 85 143
109 98 107
150 189 83
89 109 127
28 26 24
218 162 115
22 24 24
197 275 143
22 24 19
21 17 23
236 215 93
157 297 114
26 17 23
132 102 105
124 123 148
121 75 149
129 89 118
254 191 137
185 205 113
18 19 25
246 239 138
19 25 17
26 21 20
21 30 19
150 160 109
20 15 25
173 232 122
89 77 136
18 25 28
28 23 23
165 176 77
85 144 110
293 213 98
90 99 111
16 24 16
28 15 25
75 142 113
185 177 143
28 28 22
20 24 21
19 23 24
107 89 141
29 18 21
275 179 119
142 137 76
16 18 25
263 160 104
103 113 114
93 145 150
17 30 18
264 228 129
130 137 83
115 116 89
22 28 18
192 159 88
30 22 27
254 188 99
19 23 20
29 17 30
116 114 96
118 135 138
241 188 128
27 28 19
18 26 18
213 159 76
86 138 121
130 150 130
282 175 77
236 254 137
27 30 24
28 18 21
102 105 108
16 27 28
299 268 142
212 264 114
262 161 130
15 27 23
18 28 25
287 247 105
96 134 82
109 150 83
268 184 77
291 206 109
222 200 140
24 30 19
251 265 134
19 15 30
156 213 107
123 76 86
208 216 109
180 168 141
250 162 101
28 26 26
21 21 20
78 149 98
140 146 99
206 214 138
134 126 150
137 91 86
290 247 128
120 90 102
19 22 19
96 78 137
272 258 122
282 214 140
15 29 16
276 289 118
30 17 29
102 76 142
252 292 81
218 235 145
212 160 113
27 30 27
270 225 114
104 84 133
273 272 78
